72 34 55 73 49 47 28 
0 53 66 65 50 33 21 
41 3 20 53 0 55 34 11 5 1 
11 34 55 73 49 75 24 
72 34 13 69 61 66 65 50 
72 34 55 0 53 20 31 
29 10 25 64 68 71 4 23 
48 8 65 50 33 21 15 
50 65 8 48 4 71 68 
65 66 61 69 13 34 11 5 
13 34 55 73 49 47 30 
7 55 34 13 69 61 33 21 15 
34 13 69 61 33 21 15 
13 34 55 0 53 20 31 
25 64 68 71 4 48 8 
26 41 3 20 53 0 55 34 11 45 
11 5 1 68 71 4 48 8 
29 10 55 0 53 20 3 41 26 
11 34 55 0 53 20 3 
41 66 65 50 33 21 15 
68 55 0 53 20 3 41 
40 0 53 20 3 41 26 
11 34 55 73 49 47 30 
50 65 66 61 69 13 34 11 52 
43 66 65 50 33 21 15 
29 10 25 64 68 16 18 37 
18 8 65 50 33 21 15 
13 34 55 0 53 20 3 44 
11 34 55 0 53 20 3 41 
40 0 55 73 49 47 28 
29 10 25 64 68 71 4 48 59 
48 4 71 68 64 25 10 29 51 
4 71 68 1 5 11 52 
10 55 34 13 69 61 33 21 15 
10 25 64 68 71 4 48 
4 71 68 64 25 10 29 
40 0 53 66 65 8 48 59 
48 4 71 68 1 45 32 
45 11 34 55 0 53 20 3 
13 34 55 0 53 20 3 44 
48 8 65 66 53 20 3 
11 5 1 68 71 17 58 9 
11 34 55 0 53 20 3 44 
10 55 34 13 69 61 33 21 
13 69 61 66 41 26 77 
40 0 53 66 65 50 70 
13 34 55 73 49 47 28 
11 34 55 73 49 75 24 
13 34 55 68 71 17 58 
11 34 13 69 61 33 21 
48 8 65 66 53 20 6 
21 33 61 69 13 34 55 10 
0 53 66 65 8 48 9 
68 71 4 48 8 65 50 
10 55 34 13 69 61 33 21 
13 34 55 0 53 20 31 
49 66 65 8 48 4 23 
4 48 8 65 50 33 21 15 
17 71 68 1 5 11 46 
41 3 20 53 0 55 34 11 5 
11 34 55 73 49 47 28 
45 1 68 71 17 58 9 
47 49 73 55 34 11 5 1 
11 5 1 68 71 4 23 
3 20 53 0 55 34 11 5 1 
13 34 55 0 53 20 31 
4 71 68 1 5 11 46 
29 10 25 64 68 71 4 
45 11 34 55 0 53 20 
11 34 55 73 49 47 30 
0 53 66 65 8 48 9 
5 11 34 55 0 53 20 3 
0 53 66 65 50 33 21 15 
0 53 66 65 50 33 21 15 
11 34 55 0 53 20 3 41 
50 65 66 53 0 55 10 29 
0 53 66 65 8 48 9 
48 4 71 68 1 5 11 52 
11 5 1 68 16 18 37 
26 41 3 20 53 0 55 10 25 
50 65 66 53 0 55 10 
26 41 3 20 53 0 55 
29 10 25 64 68 16 18 
4 71 68 64 25 10 29 
11 34 55 0 53 20 3 44 
26 41 3 20 53 0 55 7 36 
0 53 20 3 41 26 77 
29 10 25 64 68 71 4 48 
45 11 34 55 0 53 20 3 41 26 
18 16 68 64 25 10 29 
33 50 65 66 53 20 3 
21 33 50 65 66 53 0 
0 53 66 65 50 33 21 
3 20 53 0 55 10 25 
11 34 55 0 53 20 3 41 26 
65 66 53 0 55 10 29 
0 53 66 65 8 48 59 
13 34 55 73 49 75 24 
26 41 66 65 8 48 9 
10 55 34 13 69 61 33 
5 11 34 55 0 53 20 
21 33 61 69 13 34 11 
0 53 66 65 8 48 9 
65 8 48 4 71 68 1 
3 20 53 0 55 7 36 
33 50 65 66 53 20 6 
72 34 13 69 61 66 65 8 
11 34 55 73 49 47 28 
29 10 55 34 11 45 32 
50 65 66 61 69 13 34 11 46 
33 50 65 66 49 75 24 
3 20 53 0 55 34 11 45 32 
26 41 3 20 53 0 55 34 72 
13 69 61 66 65 8 48 9 
20 53 66 65 50 33 21 
26 41 66 65 8 48 4 23 
49 66 65 50 33 21 15 
4 71 68 1 5 11 46 
29 10 25 64 68 71 4 
47 49 73 55 34 11 5 
47 49 73 55 34 11 5 1 
3 20 53 0 55 34 11 5 
5 1 68 71 17 58 9 
72 34 55 68 71 4 23 
29 10 55 34 13 69 61 33 21 15 
65 66 61 69 13 34 11 46 
53 0 55 34 11 5 1 
50 65 66 61 69 13 34 11 
0 53 66 65 50 33 21 15 
26 41 3 20 53 0 55 68 56 
48 4 71 68 64 25 10 29 
26 41 3 20 53 0 55 7 
43 66 65 50 33 21 15 
13 34 55 0 53 20 3 
72 34 55 0 53 20 3 41 26 
29 10 25 64 68 16 18 
48 4 71 68 64 25 10 
50 65 66 53 0 55 10 29 63 
29 10 25 64 68 71 4 48 
26 41 66 65 8 48 59 
50 65 66 53 20 3 44 
72 34 55 68 16 18 37 
26 41 3 20 53 0 40 
11 34 55 0 53 20 3 
53 66 65 50 33 21 15 
29 10 55 34 13 69 61 33 21 
48 8 65 66 61 69 13 
61 69 13 34 55 10 25 
33 61 69 13 34 55 7 
55 0 53 20 3 41 26 
41 3 20 53 0 55 10 
65 66 61 69 13 34 11 45 32 
72 34 55 68 71 4 48 59 
4 71 68 55 0 53 20 3 
0 53 66 65 50 33 21 
33 50 65 66 53 20 3 44 
11 34 13 69 61 33 21 
13 34 55 73 49 47 28 
29 10 55 34 11 45 32 
48 8 65 66 49 75 24 
13 69 61 66 65 8 48 9 
49 73 55 34 11 5 1 
48 4 71 68 1 5 11 46 
11 5 1 68 71 17 58 9 
10 55 34 13 69 61 33 21 15 
26 41 3 20 53 0 40 76 
13 34 55 68 71 4 23 
49 66 65 50 33 21 15 
7 55 0 53 66 65 8 
47 49 73 55 34 11 5 
26 41 66 61 69 13 57 
34 13 69 61 66 65 8 
7 55 68 71 17 58 9 
11 34 13 69 61 33 21 15 
4 71 68 55 0 53 20 
69 61 66 65 8 48 9 
48 4 71 68 1 5 11 
13 34 55 68 71 4 23 
11 5 1 68 71 4 23 
43 66 65 50 33 21 15 
50 65 66 61 69 13 34 11 45 
68 55 0 53 20 3 41 26 
34 55 0 53 20 3 41 
11 34 55 0 53 20 3 
0 53 66 65 50 33 21 15 
11 5 1 68 71 4 48 
13 34 55 68 16 18 37 
10 25 64 68 71 4 60 
41 3 20 53 0 55 34 11 
45 11 34 13 69 61 33 21 15 
11 34 55 0 53 20 3 41 26 
13 69 61 66 65 8 48 59 
0 53 66 65 8 48 9 
29 10 55 34 13 69 61 33 
34 55 0 53 20 3 44 
49 73 55 34 11 45 32 
0 53 66 65 50 33 21 15 
11 34 55 73 49 75 24 2 
65 66 61 69 13 34 11 45 
11 5 1 68 16 18 37 
7 55 0 53 20 3 41 26 
3 20 53 0 55 10 29 
13 69 61 66 65 50 70 
10 55 0 53 20 3 44 
66 61 69 13 34 11 45 32 
26 41 3 20 53 0 55 34 11 5 1 
53 0 55 34 11 45 32 
21 33 50 65 66 53 20 3 
45 11 34 13 69 61 33 21 
66 61 69 13 34 11 5 
0 53 66 65 8 48 9 
29 10 55 73 49 75 24 
34 13 69 61 66 65 50 
45 11 34 55 73 49 75 24 2 
11 34 13 69 61 33 21 
26 41 66 65 8 48 4 
3 20 53 0 55 34 11 5 1 
0 53 66 65 50 33 21 
43 66 65 50 33 21 15 
26 41 3 20 53 0 55 34 
21 33 50 65 66 53 20 6 
33 61 69 13 34 11 5 1 
72 34 55 0 53 20 3 
10 55 0 53 66 65 50 
26 41 66 65 50 33 21 15 
0 53 66 65 8 48 9 
0 53 66 65 50 33 21 15 
55 0 53 20 3 41 26 
21 33 50 65 8 48 9 
13 34 55 0 53 20 3 
11 34 13 69 61 66 65 50 
20 53 66 65 50 33 21 15 
72 34 13 69 61 33 21 15 
26 41 3 20 53 0 55 34 72 67 
29 10 55 73 49 47 30 
3 20 53 66 65 50 33 21 15 
50 65 66 53 0 55 10 25 
4 48 8 65 66 41 26 
66 61 69 13 34 11 52 
33 50 65 66 53 20 3 
26 41 66 65 50 33 21 
72 34 55 68 71 4 48 
3 20 53 0 55 34 11 
0 53 66 65 50 33 21 
50 65 66 53 0 55 7 36 
26 41 3 20 53 0 55 34 11 45 32 
29 10 55 0 53 20 3 44 
72 34 13 69 61 33 21 
33 50 65 66 53 20 6 
26 41 3 20 53 0 55 10 62 
61 69 13 34 11 5 1 
3 20 53 66 65 50 33 21 
65 66 53 0 55 10 25 
26 41 3 20 53 0 55 34 11 5 
71 68 55 0 53 20 3 
29 10 55 73 49 75 24 
21 33 61 69 13 34 55 7 
3 20 53 0 55 34 11 45 32 
33 50 65 66 49 75 24 2 
11 34 13 69 61 33 21 15 
26 41 66 65 8 18 16 
29 10 55 73 49 47 28 
61 69 13 34 11 5 1 
13 34 55 68 71 4 23 
3 20 53 0 55 34 11 5 
0 53 66 65 8 48 9 
34 55 73 49 75 24 2 
75 49 66 65 50 33 21 
72 34 13 69 61 66 65 
33 61 69 13 34 11 5 
29 10 25 64 68 71 4 48 8 
26 41 3 20 53 0 55 68 
18 16 68 55 0 53 20 
0 53 66 65 8 48 9 
13 34 55 0 53 20 3 
40 0 53 66 65 8 48 
65 66 61 69 13 34 11 
29 10 55 73 49 47 30 
68 71 4 48 8 65 50 33 21 15 
17 71 68 55 34 13 57 
29 10 25 64 68 71 4 60 
40 0 55 73 49 47 30 
48 8 65 66 53 20 3 
26 41 66 65 8 48 4 71 
13 34 55 68 16 18 37 
50 65 8 48 4 71 68 56 
29 10 55 0 53 20 3 41 
50 65 66 53 0 55 7 
26 41 3 20 53 0 55 34 11 52 
11 34 13 69 61 33 21 15 
40 0 53 20 3 44 2 
13 69 61 66 65 8 48 
20 53 0 55 34 11 5 1 
4 48 8 65 50 33 21 15 
48 8 65 66 53 20 6 
29 10 55 0 53 20 3 44 
48 4 71 68 55 7 36 
61 69 13 34 11 45 32 
68 71 4 48 8 65 50 33 21 
41 3 20 53 0 55 10 25 
13 34 55 73 49 75 24 2 
3 20 53 66 65 50 33 
11 34 55 73 49 75 24 
50 65 66 49 75 24 2 
11 34 13 69 61 33 21 
29 10 55 73 49 47 28 
61 69 13 34 11 45 32 
4 48 8 65 50 33 21 
11 34 55 73 49 75 24 2 
29 10 25 64 43 17 58 
10 25 64 68 71 4 48 8 
10 25 64 43 17 58 9 
29 10 55 0 53 66 65 50 
7 55 34 13 69 61 33 21 
0 53 66 65 50 33 21 15 
66 61 69 13 34 11 46 
7 55 73 49 75 24 2 
34 13 69 61 33 21 15 
11 5 1 68 71 4 48 8 
29 10 55 34 13 69 61 
45 11 34 55 73 49 75 24 
34 55 73 49 75 24 2 
71 4 48 8 65 50 33 21 15 
10 25 64 68 71 4 48 8 
50 65 66 61 69 13 57 
10 55 0 53 20 3 41 
11 34 55 73 49 47 30 
10 25 64 43 17 58 9 
11 34 13 69 61 33 21 15 
13 34 55 68 16 18 37 
41 66 65 8 48 4 23 
10 25 64 68 71 4 23 
9 48 8 65 50 33 21 15 
11 34 55 0 53 20 3 41 
34 55 0 53 20 3 41 26 
26 41 3 20 53 0 55 10 29 
21 33 61 69 13 34 11 5 1 
0 53 66 65 50 33 21 15 
0 53 66 65 50 33 21 
45 1 68 71 4 48 8 
26 41 3 20 53 0 55 10 
10 55 0 53 20 3 41 26 
45 11 34 55 73 49 47 30 
29 10 55 0 53 20 3 
11 34 55 0 53 20 3 44 
10 25 64 68 71 4 23 
66 53 0 55 10 29 63 
10 55 34 13 69 61 33 21 15 
71 4 48 8 65 50 33 21 
21 33 50 65 8 48 4 
41 3 20 53 0 55 7 
3 20 53 0 55 10 29 
48 8 65 66 53 0 40 
34 55 68 71 4 48 59 
68 71 4 48 8 65 50 33 
10 25 64 68 16 18 37 
11 34 55 0 53 20 3 41 26 
11 34 55 0 53 20 3 
11 34 55 73 49 75 24 2 
9 48 8 65 50 33 21 
10 55 0 53 20 3 41 26 
33 61 69 13 34 55 10 
34 13 69 61 66 65 50 70 
10 25 64 68 71 4 48 59 
17 43 64 25 10 29 51 
16 68 55 0 53 20 3 
0 53 66 65 50 33 21 
4 48 8 65 50 33 21 
3 20 53 0 55 10 25 
11 34 55 73 49 47 28 
0 53 66 65 8 48 9 
50 65 8 48 4 71 68 1 
3 20 53 0 55 34 13 
26 41 3 20 53 0 55 34 11 46 
29 10 25 64 43 17 58 9 
49 73 55 34 11 5 1 
10 55 34 13 69 61 33 21 
7 55 34 13 69 61 33 
49 73 55 0 53 20 31 
3 20 53 0 55 7 36 
0 53 66 65 50 33 21 
50 65 66 61 69 13 34 
48 8 65 66 61 69 13 57 
45 11 34 55 73 49 47 28 
21 33 50 65 66 49 75 24 2 
26 41 66 65 50 33 60 
26 41 3 20 53 0 55 34 11 
29 10 25 64 68 71 4 23 
72 34 55 73 49 47 30 
75 49 66 65 50 33 21 15 
13 69 61 66 65 8 48 
50 65 66 61 69 13 34 72 67 
21 33 61 69 13 34 11 5 
72 34 13 69 61 33 60 
29 10 55 0 53 20 3 
26 41 3 20 53 0 55 10 29 63 
18 8 65 50 33 21 15 
66 61 69 13 34 11 45 
72 34 55 0 53 20 3 41 
3 20 53 0 55 34 11 
13 34 55 73 49 47 30 
71 4 48 8 65 50 33 
5 1 68 71 4 48 8 
61 69 13 34 55 10 29 
40 0 55 73 49 75 24 
17 71 68 1 5 11 52 
65 66 53 0 55 7 36 
0 53 66 65 50 33 21 15 
13 34 55 73 49 75 24 2 
29 10 25 64 68 16 18 37 
0 53 66 65 8 48 59 
72 34 55 0 53 20 3 44 
50 65 66 49 75 24 2 
50 65 66 61 69 13 34 11 45 32 
50 65 66 53 0 55 10 62 
49 73 55 34 11 45 32 
29 10 25 64 43 17 58 9 
13 34 55 73 49 75 24 
13 34 55 0 53 20 3 44 
50 65 66 61 69 13 34 11 5 
40 1 68 71 17 58 9 
